cg103 <- matrix(c(0,1,1,0,0,0,0,0,0,1,
                      1,0,0,1,0,0,0,0,0,0,
                      1,0,0,0,1,0,0,0,0,0,
                      0,1,0,0,0,1,1,0,0,0,
                      0,0,0,0,0,1,0,0,1,0,
                      0,0,0,0,1,0,1,1,1,0,
                      0,0,0,0,0,0,0,1,0,0,
                      0,0,0,0,0,0,1,0,0,0,
                      0,0,0,0,0,0,0,0,0,1,
                      0,0,0,0,0,0,0,1,0,0),
                    nrow = 10, byrow = TRUE)
    rownames(cg103) <- colnames(cg103) <- paste("X",as.character(1:10),sep = "")